<Name>Groeneweg - Schie</Name>
51.953986 ; 4.381997 ; 4943.0 ; 1.4
51.954066 ; 4.382196 ; 4945.0 ; 1.6
51.954229 ; 4.382675 ; 4949.0 ; 1.4
51.954271 ; 4.382926 ; 4951.0 ; 1.6
51.954333 ; 4.383827 ; 4958.0 ; 1.4
51.95435 ; 4.383926 ; 4959.0 ; 1.4
51.95449 ; 4.384645 ; 4964.0 ; 1.4
51.954537 ; 4.384902 ; 4966.0 ; 1.0
51.954587 ; 4.38515 ; 4968.0 ; 0.8
51.954685 ; 4.385665 ; 4972.0 ; 0.8
51.954739 ; 4.385921 ; 4974.0 ; 0.8
51.954776 ; 4.386047 ; 4975.0 ; 0.8
51.955062 ; 4.386888 ; 4982.0 ; 1.0
51.955143 ; 4.387124 ; 4984.0 ; 1.0
51.955428 ; 4.387955 ; 4991.0 ; 1.2
51.955547 ; 4.388292 ; 4994.0 ; 1.2
51.955841 ; 4.389143 ; 5001.0 ; 1.2
51.956004 ; 4.3896 ; 5005.0 ; 1.4
51.95629 ; 4.390423 ; 5012.0 ; 1.6
51.956584 ; 4.391252 ; 5019.0 ; 1.4
51.956666 ; 4.391489 ; 5021.0 ; 1.4
51.956959 ; 4.39233 ; 5028.0 ; 1.2
51.957046 ; 4.392569 ; 5030.0 ; 1.2
51.957346 ; 4.393411 ; 5037.0 ; 1.2
51.95739 ; 4.393533 ; 5038.0 ; 1.2
51.957685 ; 4.394359 ; 5045.0 ; 1.0
51.957726 ; 4.394474 ; 5046.0 ; 1.2
51.957843 ; 4.394798 ; 5049.0 ; 1.2
51.957852 ; 4.395025 ; 5051.0 ; 1.0
51.957764 ; 4.395178 ; 5053.0 ; 1.0
